0 0 0
1 0 2
2 0 2
3 0 2
4 0 2
5 0 2
6 0 2
7 0 2
8 0 2
9 0 2
10 0 2
11 0 2
12 0 2
13 0 1
14 0 1
15 0 2
16 0 2
17 0 2
18 0 2
19 0 2
20 0 2
21 0 2
22 0 2
23 0 2
24 0 2
25 0 2
26 0 2
27 0 2
0 1 2
1 1 1
2 1 1
3 1 1
4 1 1
5 1 2
6 1 1
7 1 1
8 1 1
9 1 2
10 1 1
11 1 1
12 1 2
13 1 1
14 1 1
15 1 2
16 1 1
17 1 1
18 1 2
19 1 1
20 1 1
21 1 1
22 1 2
23 1 1
24 1 1
25 1 1
26 1 1
27 1 2
0 2 2
1 2 1
2 2 1
3 2 1
4 2 1
5 2 2
6 2 1
7 2 1
8 2 1
9 2 2
10 2 1
11 2 1
12 2 2
13 2 1
14 2 1
15 2 2
16 2 1
17 2 1
18 2 2
19 2 1
20 2 1
21 2 1
22 2 2
23 2 1
24 2 1
25 2 1
26 2 1
27 2 2
0 3 2
1 3 2
2 3 2
3 3 2
4 3 2
5 3 2
6 3 2
7 3 2
8 3 2
9 3 2
10 3 2
11 3 2
12 3 2
13 3 1
14 3 1
15 3 2
16 3 2
17 3 2
18 3 2
19 3 2
20 3 2
21 3 2
22 3 2
23 3 2
24 3 2
25 3 2
26 3 2
27 3 2
0 4 2
1 4 1
2 4 1
3 4 1
4 4 1
5 4 2
6 4 1
7 4 1
8 4 2
9 4 1
10 4 1
11 4 1
12 4 1
13 4 1
14 4 1
15 4 1
16 4 1
17 4 1
18 4 1
19 4 2
20 4 1
21 4 1
22 4 2
23 4 1
24 4 1
25 4 1
26 4 1
27 4 2
0 5 2
1 5 1
2 5 1
3 5 1
4 5 1
5 5 2
6 5 1
7 5 1
8 5 2
9 5 1
10 5 1
11 5 1
12 5 1
13 5 1
14 5 1
15 5 1
16 5 1
17 5 1
18 5 1
19 5 2
20 5 1
21 5 1
22 5 2
23 5 1
24 5 1
25 5 1
26 5 1
27 5 2
0 6 2
1 6 2
2 6 2
3 6 2
4 6 2
5 6 2
6 6 1
7 6 1
8 6 2
9 6 2
10 6 2
11 6 2
12 6 2
13 6 2
14 6 2
15 6 2
16 6 2
17 6 2
18 6 2
19 6 2
20 6 1
21 6 1
22 6 2
23 6 2
24 6 2
25 6 2
26 6 2
27 6 2
0 7 2
1 7 1
2 7 1
3 7 1
4 7 1
5 7 2
6 7 1
7 7 1
8 7 1
9 7 1
10 7 1
11 7 1
12 7 2
13 7 1
14 7 1
15 7 2
16 7 1
17 7 1
18 7 1
19 7 1
20 7 1
21 7 1
22 7 2
23 7 1
24 7 1
25 7 1
26 7 1
27 7 2
0 8 2
1 8 1
2 8 1
3 8 1
4 8 1
5 8 2
6 8 1
7 8 1
8 8 1
9 8 1
10 8 1
11 8 1
12 8 2
13 8 1
14 8 1
15 8 2
16 8 1
17 8 1
18 8 1
19 8 1
20 8 1
21 8 1
22 8 2
23 8 1
24 8 1
25 8 1
26 8 1
27 8 2
0 9 2
1 9 1
2 9 1
3 9 2
4 9 2
5 9 2
6 9 2
7 9 2
8 9 2
9 9 2
10 9 2
11 9 2
12 9 2
13 9 1
14 9 1
15 9 2
16 9 2
17 9 2
18 9 2
19 9 2
20 9 2
21 9 2
22 9 2
23 9 2
24 9 2
25 9 1
26 9 1
27 9 2
0 10 2
1 10 1
2 10 1
3 10 2
4 10 1
5 10 1
6 10 1
7 10 1
8 10 1
9 10 1
10 10 1
11 10 1
12 10 2
13 10 1
14 10 1
15 10 2
16 10 1
17 10 1
18 10 1
19 10 1
20 10 1
21 10 1
22 10 1
23 10 1
24 10 2
25 10 1
26 10 1
27 10 2
0 11 2
1 11 2
2 11 2
3 11 2
4 11 1
5 11 1
6 11 1
7 11 1
8 11 1
9 11 1
10 11 1
11 11 1
12 11 2
13 11 1
14 11 1
15 11 2
16 11 1
17 11 1
18 11 1
19 11 1
20 11 1
21 11 1
22 11 1
23 11 1
24 11 2
25 11 2
26 11 2
27 11 2
0 12 1
1 12 1
2 12 2
3 12 2
4 12 2
5 12 2
6 12 2
7 12 2
8 12 2
9 12 2
10 12 2
11 12 2
12 12 2
13 12 2
14 12 2
15 12 2
16 12 2
17 12 2
18 12 2
19 12 2
20 12 2
21 12 2
22 12 2
23 12 2
24 12 2
25 12 2
26 12 1
27 12 1
0 13 1
1 13 1
2 13 2
3 13 1
4 13 1
5 13 1
6 13 1
7 13 1
8 13 2
9 13 2
10 13 1
11 13 1
12 13 1
13 13 1
14 13 1
15 13 1
16 13 1
17 13 1
18 13 2
19 13 2
20 13 1
21 13 1
22 13 1
23 13 1
24 13 1
25 13 2
26 13 1
27 13 1
0 14 2
1 14 2
2 14 2
3 14 1
4 14 1
5 14 1
6 14 1
7 14 1
8 14 2
9 14 2
10 14 1
11 14 1
12 14 1
13 14 1
14 14 1
15 14 1
16 14 1
17 14 1
18 14 2
19 14 2
20 14 1
21 14 1
22 14 1
23 14 1
24 14 1
25 14 2
26 14 2
27 14 2
0 15 1
1 15 1
2 15 2
3 15 2
4 15 2
5 15 2
6 15 2
7 15 2
8 15 2
9 15 2
10 15 2
11 15 2
12 15 2
13 15 2
14 15 2
15 15 2
16 15 2
17 15 2
18 15 2
19 15 2
20 15 2
21 15 2
22 15 2
23 15 2
24 15 2
25 15 2
26 15 1
27 15 1
0 16 1
1 16 1
2 16 1
3 16 1
4 16 1
5 16 1
6 16 1
7 16 1
8 16 1
9 16 1
10 16 1
11 16 1
12 16 2
13 16 1
14 16 1
15 16 2
16 16 1
17 16 1
18 16 1
19 16 1
20 16 1
21 16 1
22 16 1
23 16 1
24 16 1
25 16 1
26 16 1
27 16 1
0 17 1
1 17 1
2 17 1
3 17 1
4 17 1
5 17 1
6 17 1
7 17 1
8 17 1
9 17 1
10 17 1
11 17 1
12 17 2
13 17 1
14 17 1
15 17 2
16 17 1
17 17 1
18 17 1
19 17 1
20 17 1
21 17 1
22 17 1
23 17 1
24 17 1
25 17 1
26 17 1
27 17 1
0 18 1
1 18 1
2 18 2
3 18 2
4 18 2
5 18 2
6 18 2
7 18 2
8 18 2
9 18 2
10 18 2
11 18 2
12 18 2
13 18 1
14 18 1
15 18 2
16 18 2
17 18 2
18 18 2
19 18 2
20 18 2
21 18 2
22 18 2
23 18 2
24 18 2
25 18 2
26 18 1
27 18 1
0 19 2
1 19 2
2 19 2
3 19 2
4 19 1
5 19 1
6 19 2
7 19 1
8 19 1
9 19 2
10 19 1
11 19 1
12 19 1
13 19 1
14 19 1
15 19 1
16 19 1
17 19 1
18 19 2
19 19 1
20 19 1
21 19 2
22 19 1
23 19 1
24 19 2
25 19 2
26 19 2
27 19 2
0 20 1
1 20 1
2 20 1
3 20 2
4 20 1
5 20 1
6 20 2
7 20 1
8 20 1
9 20 2
10 20 1
11 20 1
12 20 1
13 20 1
14 20 1
15 20 1
16 20 1
17 20 1
18 20 2
19 20 1
20 20 1
21 20 2
22 20 1
23 20 1
24 20 2
25 20 1
26 20 1
27 20 1
0 21 1
1 21 1
2 21 1
3 21 2
4 21 1
5 21 1
6 21 2
7 21 1
8 21 1
9 21 2
10 21 2
11 21 2
12 21 2
13 21 1
14 21 1
15 21 2
16 21 2
17 21 2
18 21 2
19 21 1
20 21 1
21 21 2
22 21 1
23 21 1
24 21 2
25 21 1
26 21 1
27 21 1
0 22 2
1 22 2
2 22 2
3 22 2
4 22 2
5 22 2
6 22 2
7 22 2
8 22 2
9 22 2
10 22 2
11 22 2
12 22 2
13 22 1
14 22 1
15 22 2
16 22 2
17 22 2
18 22 2
19 22 2
20 22 2
21 22 2
22 22 2
23 22 2
24 22 2
25 22 2
26 22 2
27 22 2
0 23 2
1 23 1
2 23 1
3 23 1
4 23 1
5 23 1
6 23 1
7 23 1
8 23 1
9 23 1
10 23 1
11 23 2
12 23 2
13 23 1
14 23 1
15 23 2
16 23 2
17 23 1
18 23 1
19 23 1
20 23 1
21 23 1
22 23 1
23 23 1
24 23 1
25 23 1
26 23 1
27 23 2
0 24 2
1 24 1
2 24 1
3 24 1
4 24 1
5 24 1
6 24 1
7 24 1
8 24 1
9 24 1
10 24 1
11 24 2
12 24 2
13 24 2
14 24 2
15 24 2
16 24 2
17 24 1
18 24 1
19 24 1
20 24 1
21 24 1
22 24 1
23 24 1
24 24 1
25 24 1
26 24 1
27 24 2
0 25 2
1 25 2
2 25 2
3 25 2
4 25 2
5 25 2
6 25 2
7 25 2
8 25 2
9 25 2
10 25 2
11 25 2
12 25 1
13 25 1
14 25 1
15 25 1
16 25 2
17 25 2
18 25 2
19 25 2
20 25 2
21 25 2
22 25 2
23 25 2
24 25 2
25 25 2
26 25 2
27 25 2